0.000000 0.000000
0.022018 0.000000
0.044035 0.000000
0.066053 0.000000
0.088070 0.000000
0.110088 0.000000
0.132105 0.000000
0.154123 0.000000
0.176140 0.000000
0.198158 0.000000
0.220176 0.000000
0.242193 0.000000
0.264211 0.000000
0.286228 0.000000
0.308246 0.000000
0.330263 0.000000
0.352281 0.000000
0.374299 0.000000
0.396316 0.000000
0.418334 0.000000
0.440351 0.000000
0.462369 0.000000
0.484386 0.000000
0.506404 0.000000
0.528421 0.000000
0.550439 0.000000
0.572457 0.000000
0.594474 0.000000
0.616492 0.000000
0.638509 0.000000
0.660527 0.000000
0.682544 3.000000
0.704562 5.000000
0.726580 20.000000
0.748597 36.000000
0.770615 65.000000
0.792632 105.000000
0.814650 140.000000
0.836667 272.000000
0.858685 363.000000
0.880702 494.000000
0.902720 527.000000
0.924738 693.000000
0.946755 729.000000
0.968773 768.000000
0.990790 814.000000
1.012808 828.000000
1.034825 745.000000
1.056843 665.000000
1.078861 571.000000
1.100878 472.000000
1.122896 414.000000
1.144913 332.000000
1.166931 258.000000
1.188948 199.000000
1.210966 156.000000
1.232983 100.000000
1.255001 72.000000
1.277019 52.000000
1.299036 38.000000
1.321054 20.000000
1.343071 20.000000
1.365089 12.000000
1.387106 7.000000
1.409124 3.000000
1.431141 1.000000
1.453159 0.000000
1.475177 0.000000
1.497194 0.000000
1.519212 0.000000
1.541229 1.000000
1.563247 0.000000
1.585264 0.000000
1.607282 0.000000
1.629300 0.000000
1.651317 0.000000
1.673335 0.000000
1.695352 0.000000
1.717370 0.000000
1.739387 0.000000
1.761405 0.000000
1.783422 0.000000
1.805440 0.000000
1.827458 0.000000
1.849475 0.000000
1.871493 0.000000
1.893510 0.000000
1.915528 0.000000
1.937545 0.000000
1.959563 0.000000
1.981581 0.000000
2.003598 0.000000
2.025616 0.000000
2.047633 0.000000
2.069651 0.000000
2.091668 0.000000
2.113686 0.000000
2.135703 0.000000
2.157721 0.000000
2.179739 0.000000
2.201756 0.000000
2.223774 0.000000
2.245791 0.000000
2.267809 0.000000
2.289826 0.000000
2.311844 0.000000
2.333862 0.000000
2.355879 0.000000
2.377897 0.000000
2.399914 0.000000
2.421932 0.000000
2.443949 0.000000
2.465967 0.000000
2.487984 0.000000
2.510002 0.000000
2.532020 0.000000
2.554037 0.000000
2.576055 0.000000
2.598072 0.000000
2.620090 0.000000
2.642107 0.000000
2.664125 0.000000
2.686142 0.000000
2.708160 0.000000
2.730178 0.000000
2.752195 0.000000
2.774213 0.000000
2.796230 0.000000
2.818248 0.000000
2.840265 0.000000
2.862283 0.000000
2.884301 0.000000
2.906318 0.000000
2.928336 0.000000
2.950353 0.000000
2.972371 0.000000
2.994388 0.000000
# # # 95% intervals are at 0.807407 - 1.237338
# # # mid = 1.000674
# # # mean: 1.006100, var: 0.012119, 2sd: 0.110088
