0.000000 0.000000
0.013063 0.000000
0.026126 0.000000
0.039189 0.000000
0.052253 0.000000
0.065316 0.000000
0.078379 0.000000
0.091442 0.000000
0.104505 0.000000
0.117568 0.000000
0.130631 0.000000
0.143695 0.000000
0.156758 0.000000
0.169821 0.000000
0.182884 0.000000
0.195947 0.000000
0.209010 0.000000
0.222073 0.000000
0.235137 0.000000
0.248200 0.000000
0.261263 0.000000
0.274326 0.000000
0.287389 0.000000
0.300452 0.000000
0.313515 0.000000
0.326579 0.000000
0.339642 0.000000
0.352705 0.000000
0.365768 0.000000
0.378831 0.000000
0.391894 0.000000
0.404957 0.000000
0.418021 0.000000
0.431084 0.000000
0.444147 0.000000
0.457210 0.000000
0.470273 0.000000
0.483336 1.000000
0.496399 1.000000
0.509463 8.000000
0.522526 11.000000
0.535589 18.000000
0.548652 40.000000
0.561715 78.000000
0.574778 135.000000
0.587841 190.000000
0.600905 267.000000
0.613968 400.000000
0.627031 497.000000
0.640094 579.000000
0.653157 697.000000
0.666220 746.000000
0.679283 761.000000
0.692347 850.000000
0.705410 757.000000
0.718473 748.000000
0.731536 601.000000
0.744599 603.000000
0.757662 454.000000
0.770725 407.000000
0.783789 299.000000
0.796852 270.000000
0.809915 189.000000
0.822978 135.000000
0.836041 75.000000
0.849104 49.000000
0.862167 46.000000
0.875231 29.000000
0.888294 29.000000
0.901357 13.000000
0.914420 8.000000
0.927483 3.000000
0.940546 2.000000
0.953609 0.000000
0.966673 2.000000
0.979736 0.000000
0.992799 2.000000
1.005862 0.000000
1.018925 0.000000
1.031988 0.000000
1.045051 0.000000
1.058115 0.000000
1.071178 0.000000
1.084241 0.000000
1.097304 0.000000
1.110367 0.000000
1.123430 0.000000
1.136494 0.000000
1.149557 0.000000
1.162620 0.000000
1.175683 0.000000
1.188746 0.000000
1.201809 0.000000
1.214872 0.000000
1.227936 0.000000
1.240999 0.000000
1.254062 0.000000
1.267125 0.000000
1.280188 0.000000
1.293251 0.000000
1.306314 0.000000
1.319378 0.000000
1.332441 0.000000
1.345504 0.000000
1.358567 0.000000
1.371630 0.000000
1.384693 0.000000
1.397756 0.000000
1.410820 0.000000
1.423883 0.000000
1.436946 0.000000
1.450009 0.000000
1.463072 0.000000
1.476135 0.000000
1.489198 0.000000
1.502262 0.000000
1.515325 0.000000
1.528388 0.000000
1.541451 0.000000
1.554514 0.000000
1.567577 0.000000
1.580640 0.000000
1.593704 0.000000
1.606767 0.000000
1.619830 0.000000
1.632893 0.000000
1.645956 0.000000
1.659019 0.000000
1.672082 0.000000
1.685146 0.000000
1.698209 0.000000
1.711272 0.000000
1.724335 0.000000
1.737398 0.000000
1.750461 0.000000
1.763524 0.000000
1.776588 0.000000
1.789651 0.000000
1.802714 0.000000
1.815777 0.000000
1.828840 0.000000
1.841903 0.000000
1.854966 0.000000
1.868030 0.000000
1.881093 0.000000
1.894156 0.000000
1.907219 0.000000
1.920282 0.000000
1.933345 0.000000
1.946408 0.000000
1.959472 0.000000
1.972535 0.000000
1.985598 0.000000
1.998661 0.000000
2.011724 0.000000
2.024787 0.000000
2.037850 0.000000
2.050914 0.000000
2.063977 0.000000
2.077040 0.000000
2.090103 0.000000
2.103166 0.000000
2.116229 0.000000
2.129292 0.000000
2.142356 0.000000
2.155419 0.000000
2.168482 0.000000
2.181545 0.000000
2.194608 0.000000
2.207671 0.000000
2.220734 0.000000
2.233798 0.000000
2.246861 0.000000
2.259924 0.000000
2.272987 0.000000
2.286050 0.000000
2.299113 0.000000
2.312176 0.000000
2.325240 0.000000
2.338303 0.000000
2.351366 0.000000
2.364429 0.000000
2.377492 0.000000
2.390555 0.000000
2.403618 0.000000
2.416682 0.000000
2.429745 0.000000
2.442808 0.000000
2.455871 0.000000
2.468934 0.000000
2.481997 0.000000
2.495060 0.000000
2.508124 0.000000
2.521187 0.000000
2.534250 0.000000
2.547313 0.000000
2.560376 0.000000
2.573439 0.000000
2.586502 0.000000
2.599566 0.000000
2.612629 0.000000
2.625692 0.000000
2.638755 0.000000
2.651818 0.000000
2.664881 0.000000
2.677944 0.000000
2.691008 0.000000
2.704071 0.000000
2.717134 0.000000
2.730197 0.000000
2.743260 0.000000
2.756323 0.000000
2.769386 0.000000
2.782450 0.000000
2.795513 0.000000
2.808576 0.000000
2.821639 0.000000
2.834702 0.000000
2.847765 0.000000
2.860828 0.000000
2.873892 0.000000
2.886955 0.000000
2.900018 0.000000
2.913081 0.000000
2.926144 0.000000
2.939207 0.000000
2.952270 0.000000
2.965334 0.000000
2.978397 0.000000
2.991460 0.000000
# # # 95% intervals are at 0.578037 - 0.830706
# # # mid = 0.694377
# # # mean: 0.697559, var: 0.004266, 2sd: 0.065316
