0.000000 0.000000
0.016218 0.000000
0.032435 0.000000
0.048653 0.000000
0.064871 0.000000
0.081089 0.000000
0.097306 0.000000
0.113524 0.000000
0.129742 0.000000
0.145960 2.000000
0.162177 12.000000
0.178395 53.000000
0.194613 75.000000
0.210830 163.000000
0.227048 300.000000
0.243266 448.000000
0.259484 552.000000
0.275701 656.000000
0.291919 788.000000
0.308137 858.000000
0.324354 831.000000
0.340572 830.000000
0.356790 748.000000
0.373008 706.000000
0.389225 629.000000
0.405443 497.000000
0.421661 363.000000
0.437879 343.000000
0.454096 282.000000
0.470314 197.000000
0.486532 166.000000
0.502749 128.000000
0.518967 101.000000
0.535185 77.000000
0.551403 56.000000
0.567620 41.000000
0.583838 34.000000
0.600056 17.000000
0.616274 9.000000
0.632491 15.000000
0.648709 6.000000
0.664927 4.000000
0.681144 5.000000
0.697362 3.000000
0.713580 1.000000
0.729798 1.000000
0.746015 0.000000
0.762233 1.000000
0.778451 1.000000
0.794669 0.000000
0.810886 1.000000
0.827104 0.000000
0.843322 0.000000
0.859539 0.000000
0.875757 0.000000
0.891975 0.000000
0.908193 0.000000
0.924410 0.000000
0.940628 0.000000
0.956846 0.000000
0.973063 0.000000
0.989281 0.000000
1.005499 0.000000
1.021717 0.000000
1.037934 0.000000
1.054152 0.000000
1.070370 0.000000
1.086588 0.000000
1.102805 0.000000
1.119023 0.000000
1.135241 0.000000
1.151458 0.000000
1.167676 0.000000
1.183894 0.000000
1.200112 0.000000
1.216329 0.000000
1.232547 0.000000
1.248765 0.000000
1.264983 0.000000
1.281200 0.000000
1.297418 0.000000
1.313636 0.000000
1.329853 0.000000
1.346071 0.000000
1.362289 0.000000
1.378507 0.000000
1.394724 0.000000
1.410942 0.000000
1.427160 0.000000
1.443378 0.000000
1.459595 0.000000
1.475813 0.000000
1.492031 0.000000
1.508248 0.000000
1.524466 0.000000
1.540684 0.000000
1.556902 0.000000
1.573119 0.000000
1.589337 0.000000
1.605555 0.000000
1.621772 0.000000
1.637990 0.000000
1.654208 0.000000
1.670426 0.000000
1.686643 0.000000
1.702861 0.000000
1.719079 0.000000
1.735297 0.000000
1.751514 0.000000
1.767732 0.000000
1.783950 0.000000
1.800167 0.000000
1.816385 0.000000
1.832603 0.000000
1.848821 0.000000
1.865038 0.000000
1.881256 0.000000
1.897474 0.000000
1.913692 0.000000
1.929909 0.000000
1.946127 0.000000
1.962345 0.000000
1.978562 0.000000
1.994780 0.000000
2.010998 0.000000
2.027216 0.000000
2.043433 0.000000
2.059651 0.000000
2.075869 0.000000
2.092087 0.000000
2.108304 0.000000
2.124522 0.000000
2.140740 0.000000
2.156957 0.000000
2.173175 0.000000
2.189393 0.000000
2.205611 0.000000
2.221828 0.000000
2.238046 0.000000
2.254264 0.000000
2.270481 0.000000
2.286699 0.000000
2.302917 0.000000
2.319135 0.000000
2.335352 0.000000
2.351570 0.000000
2.367788 0.000000
2.384006 0.000000
2.400223 0.000000
2.416441 0.000000
2.432659 0.000000
2.448876 0.000000
2.465094 0.000000
2.481312 0.000000
2.497530 0.000000
2.513747 0.000000
2.529965 0.000000
2.546183 0.000000
2.562401 0.000000
2.578618 0.000000
2.594836 0.000000
2.611054 0.000000
2.627271 0.000000
2.643489 0.000000
2.659707 0.000000
2.675925 0.000000
2.692142 0.000000
2.708360 0.000000
2.724578 0.000000
2.740796 0.000000
2.757013 0.000000
2.773231 0.000000
2.789449 0.000000
2.805666 0.000000
2.821884 0.000000
2.838102 0.000000
2.854320 0.000000
2.870537 0.000000
2.886755 0.000000
2.902973 0.000000
2.919190 0.000000
2.935408 0.000000
2.951626 0.000000
2.967844 0.000000
2.984061 0.000000
# # # 95% intervals are at 0.213371 - 0.530515
# # # mid = 0.337900
# # # mean: 0.346312, var: 0.006575, 2sd: 0.081089
