0.000000 0.000000
0.019591 0.000000
0.039183 0.000000
0.058774 0.000000
0.078365 0.000000
0.097957 0.000000
0.117548 0.000000
0.137139 0.000000
0.156731 0.000000
0.176322 2.000000
0.195913 8.000000
0.215504 25.000000
0.235096 66.000000
0.254687 96.000000
0.274278 209.000000
0.293870 327.000000
0.313461 472.000000
0.333052 537.000000
0.352644 709.000000
0.372235 773.000000
0.391826 787.000000
0.411418 839.000000
0.431009 801.000000
0.450600 768.000000
0.470192 697.000000
0.489783 565.000000
0.509374 487.000000
0.528966 393.000000
0.548557 355.000000
0.568148 260.000000
0.587740 214.000000
0.607331 187.000000
0.626922 122.000000
0.646513 93.000000
0.666105 59.000000
0.685696 36.000000
0.705287 30.000000
0.724879 20.000000
0.744470 25.000000
0.764061 13.000000
0.783653 9.000000
0.803244 2.000000
0.822835 3.000000
0.842427 4.000000
0.862018 1.000000
0.881609 3.000000
0.901201 0.000000
0.920792 1.000000
0.940383 0.000000
0.959975 0.000000
0.979566 0.000000
0.999157 0.000000
1.018748 1.000000
1.038340 0.000000
1.057931 1.000000
1.077522 0.000000
1.097114 0.000000
1.116705 0.000000
1.136296 0.000000
1.155888 0.000000
1.175479 0.000000
1.195070 0.000000
1.214662 0.000000
1.234253 0.000000
1.253844 0.000000
1.273436 0.000000
1.293027 0.000000
1.312618 0.000000
1.332210 0.000000
1.351801 0.000000
1.371392 0.000000
1.390983 0.000000
1.410575 0.000000
1.430166 0.000000
1.449757 0.000000
1.469349 0.000000
1.488940 0.000000
1.508531 0.000000
1.528123 0.000000
1.547714 0.000000
1.567305 0.000000
1.586897 0.000000
1.606488 0.000000
1.626079 0.000000
1.645671 0.000000
1.665262 0.000000
1.684853 0.000000
1.704445 0.000000
1.724036 0.000000
1.743627 0.000000
1.763219 0.000000
1.782810 0.000000
1.802401 0.000000
1.821992 0.000000
1.841584 0.000000
1.861175 0.000000
1.880766 0.000000
1.900358 0.000000
1.919949 0.000000
1.939540 0.000000
1.959132 0.000000
1.978723 0.000000
1.998314 0.000000
2.017906 0.000000
2.037497 0.000000
2.057088 0.000000
2.076680 0.000000
2.096271 0.000000
2.115862 0.000000
2.135454 0.000000
2.155045 0.000000
2.174636 0.000000
2.194227 0.000000
2.213819 0.000000
2.233410 0.000000
2.253001 0.000000
2.272593 0.000000
2.292184 0.000000
2.311775 0.000000
2.331367 0.000000
2.350958 0.000000
2.370549 0.000000
2.390141 0.000000
2.409732 0.000000
2.429323 0.000000
2.448915 0.000000
2.468506 0.000000
2.488097 0.000000
2.507689 0.000000
2.527280 0.000000
2.546871 0.000000
2.566462 0.000000
2.586054 0.000000
2.605645 0.000000
2.625236 0.000000
2.644828 0.000000
2.664419 0.000000
2.684010 0.000000
2.703602 0.000000
2.723193 0.000000
2.742784 0.000000
2.762376 0.000000
2.781967 0.000000
2.801558 0.000000
2.821150 0.000000
2.840741 0.000000
2.860332 0.000000
2.879924 0.000000
2.899515 0.000000
2.919106 0.000000
2.938698 0.000000
2.958289 0.000000
2.977880 0.000000
2.997471 0.000000
# # # 95% intervals are at 0.270089 - 0.645097
# # # mid = 0.424581
# # # mean: 0.433838, var: 0.009595, 2sd: 0.097957
