0.000000 0.000000
0.029455 0.000000
0.058909 0.000000
0.088364 0.000000
0.117818 0.000000
0.147273 0.000000
0.176727 0.000000
0.206182 0.000000
0.235636 2.000000
0.265091 12.000000
0.294545 19.000000
0.324000 56.000000
0.353454 129.000000
0.382909 210.000000
0.412363 349.000000
0.441818 456.000000
0.471272 618.000000
0.500727 723.000000
0.530181 820.000000
0.559636 844.000000
0.589090 841.000000
0.618545 829.000000
0.647999 729.000000
0.677454 669.000000
0.706908 511.000000
0.736363 459.000000
0.765817 370.000000
0.795272 314.000000
0.824726 254.000000
0.854181 215.000000
0.883635 154.000000
0.913090 112.000000
0.942544 83.000000
0.971999 49.000000
1.001453 49.000000
1.030908 37.000000
1.060362 29.000000
1.089817 23.000000
1.119271 5.000000
1.148726 12.000000
1.178180 8.000000
1.207635 2.000000
1.237089 2.000000
1.266544 0.000000
1.295998 0.000000
1.325453 1.000000
1.354907 2.000000
1.384362 2.000000
1.413816 0.000000
1.443271 0.000000
1.472725 1.000000
1.502180 0.000000
1.531634 0.000000
1.561089 0.000000
1.590544 0.000000
1.619998 0.000000
1.649453 0.000000
1.678907 0.000000
1.708362 0.000000
1.737816 0.000000
1.767271 0.000000
1.796725 0.000000
1.826180 0.000000
1.855634 0.000000
1.885089 0.000000
1.914543 0.000000
1.943998 0.000000
1.973452 0.000000
2.002907 0.000000
2.032361 0.000000
2.061816 0.000000
2.091270 0.000000
2.120725 0.000000
2.150179 0.000000
2.179634 0.000000
2.209088 0.000000
2.238543 0.000000
2.267997 0.000000
2.297452 0.000000
2.326906 0.000000
2.356361 0.000000
2.385815 0.000000
2.415270 0.000000
2.444724 0.000000
2.474179 0.000000
2.503633 0.000000
2.533088 0.000000
2.562542 0.000000
2.591997 0.000000
2.621451 0.000000
2.650906 0.000000
2.680360 0.000000
2.709815 0.000000
2.739269 0.000000
2.768724 0.000000
2.798178 0.000000
2.827633 0.000000
2.857087 0.000000
2.886542 0.000000
2.915996 0.000000
2.945451 0.000000
2.974905 0.000000
# # # 95% intervals are at 0.374041 - 0.947678
# # # mid = 0.601399
# # # mean: 0.616836, var: 0.021689, 2sd: 0.147273
