0.000000 0.000000
0.033374 0.000000
0.066748 0.000000
0.100122 0.000000
0.133496 7.000000
0.166870 22.000000
0.200243 104.000000
0.233617 237.000000
0.266991 370.000000
0.300365 544.000000
0.333739 697.000000
0.367113 863.000000
0.400487 918.000000
0.433861 921.000000
0.467235 893.000000
0.500609 815.000000
0.533983 693.000000
0.567357 579.000000
0.600730 480.000000
0.634104 402.000000
0.667478 325.000000
0.700852 265.000000
0.734226 197.000000
0.767600 154.000000
0.800974 114.000000
0.834348 86.000000
0.867722 71.000000
0.901096 53.000000
0.934470 47.000000
0.967844 22.000000
1.001217 27.000000
1.034591 20.000000
1.067965 14.000000
1.101339 9.000000
1.134713 11.000000
1.168087 10.000000
1.201461 7.000000
1.234835 2.000000
1.268209 3.000000
1.301583 1.000000
1.334957 4.000000
1.368331 2.000000
1.401704 1.000000
1.435078 3.000000
1.468452 2.000000
1.501826 1.000000
1.535200 2.000000
1.568574 0.000000
1.601948 0.000000
1.635322 0.000000
1.668696 0.000000
1.702070 1.000000
1.735444 0.000000
1.768818 0.000000
1.802191 0.000000
1.835565 0.000000
1.868939 0.000000
1.902313 1.000000
1.935687 0.000000
1.969061 0.000000
2.002435 0.000000
2.035809 0.000000
2.069183 0.000000
2.102557 0.000000
2.135931 0.000000
2.169305 0.000000
2.202678 0.000000
2.236052 0.000000
2.269426 0.000000
2.302800 0.000000
2.336174 0.000000
2.369548 0.000000
2.402922 0.000000
2.436296 0.000000
2.469670 0.000000
2.503044 0.000000
2.536418 0.000000
2.569791 0.000000
2.603165 0.000000
2.636539 0.000000
2.669913 0.000000
2.703287 0.000000
2.736661 0.000000
2.770035 0.000000
2.803409 0.000000
2.836783 0.000000
2.870157 0.000000
2.903531 0.000000
2.936905 0.000000
2.970278 0.000000
# # # 95% intervals are at 0.235122 - 0.881057
# # # mid = 0.462963
# # # mean: 0.486595, var: 0.027845, 2sd: 0.166870
