0.000000 0.000000
0.020797 0.000000
0.041593 0.000000
0.062390 0.000000
0.083186 0.000000
0.103983 0.000000
0.124779 0.000000
0.145576 0.000000
0.166372 3.000000
0.187169 7.000000
0.207965 17.000000
0.228762 40.000000
0.249558 73.000000
0.270355 170.000000
0.291151 333.000000
0.311948 429.000000
0.332744 570.000000
0.353541 640.000000
0.374337 734.000000
0.395134 861.000000
0.415930 835.000000
0.436727 860.000000
0.457523 758.000000
0.478320 658.000000
0.499116 614.000000
0.519913 518.000000
0.540709 429.000000
0.561506 346.000000
0.582302 230.000000
0.603099 217.000000
0.623895 168.000000
0.644692 123.000000
0.665488 105.000000
0.686285 82.000000
0.707081 54.000000
0.727878 39.000000
0.748674 21.000000
0.769471 22.000000
0.790267 12.000000
0.811064 8.000000
0.831860 10.000000
0.852657 6.000000
0.873453 2.000000
0.894250 3.000000
0.915046 1.000000
0.935843 0.000000
0.956639 0.000000
0.977436 0.000000
0.998232 1.000000
1.019029 0.000000
1.039825 0.000000
1.060622 0.000000
1.081418 0.000000
1.102215 0.000000
1.123011 0.000000
1.143808 0.000000
1.164604 0.000000
1.185401 0.000000
1.206197 0.000000
1.226994 1.000000
1.247790 0.000000
1.268587 0.000000
1.289384 0.000000
1.310180 0.000000
1.330977 0.000000
1.351773 0.000000
1.372570 0.000000
1.393366 0.000000
1.414163 0.000000
1.434959 0.000000
1.455756 0.000000
1.476552 0.000000
1.497349 0.000000
1.518145 0.000000
1.538942 0.000000
1.559738 0.000000
1.580535 0.000000
1.601331 0.000000
1.622128 0.000000
1.642924 0.000000
1.663721 0.000000
1.684517 0.000000
1.705314 0.000000
1.726110 0.000000
1.746907 0.000000
1.767703 0.000000
1.788500 0.000000
1.809296 0.000000
1.830093 0.000000
1.850889 0.000000
1.871686 0.000000
1.892482 0.000000
1.913279 0.000000
1.934075 0.000000
1.954872 0.000000
1.975668 0.000000
1.996465 0.000000
2.017261 0.000000
2.038058 0.000000
2.058854 0.000000
2.079651 0.000000
2.100447 0.000000
2.121244 0.000000
2.142040 0.000000
2.162837 0.000000
2.183633 0.000000
2.204430 0.000000
2.225226 0.000000
2.246023 0.000000
2.266819 0.000000
2.287616 0.000000
2.308412 0.000000
2.329209 0.000000
2.350005 0.000000
2.370802 0.000000
2.391598 0.000000
2.412395 0.000000
2.433191 0.000000
2.453988 0.000000
2.474784 0.000000
2.495581 0.000000
2.516377 0.000000
2.537174 0.000000
2.557971 0.000000
2.578767 0.000000
2.599564 0.000000
2.620360 0.000000
2.641157 0.000000
2.661953 0.000000
2.682750 0.000000
2.703546 0.000000
2.724343 0.000000
2.745139 0.000000
2.765936 0.000000
2.786732 0.000000
2.807529 0.000000
2.828325 0.000000
2.849122 0.000000
2.869918 0.000000
2.890715 0.000000
2.911511 0.000000
2.932308 0.000000
2.953104 0.000000
2.973901 0.000000
2.994697 0.000000
# # # 95% intervals are at 0.274476 - 0.679279
# # # mid = 0.433298
# # # mean: 0.443915, var: 0.010812, 2sd: 0.103983
