0.000000 0.000000
0.025322 0.000000
0.050645 0.000000
0.075967 0.000000
0.101290 0.000000
0.126612 2.000000
0.151935 13.000000
0.177257 42.000000
0.202580 101.000000
0.227902 186.000000
0.253225 319.000000
0.278547 473.000000
0.303870 628.000000
0.329192 797.000000
0.354515 824.000000
0.379837 815.000000
0.405159 823.000000
0.430482 827.000000
0.455804 752.000000
0.481127 695.000000
0.506449 556.000000
0.531772 454.000000
0.557094 340.000000
0.582417 299.000000
0.607739 250.000000
0.633062 179.000000
0.658384 162.000000
0.683707 106.000000
0.709029 88.000000
0.734351 73.000000
0.759674 58.000000
0.784996 46.000000
0.810319 26.000000
0.835641 22.000000
0.860964 8.000000
0.886286 9.000000
0.911609 4.000000
0.936931 6.000000
0.962254 5.000000
0.987576 2.000000
1.012899 4.000000
1.038221 3.000000
1.063544 2.000000
1.088866 1.000000
1.114188 0.000000
1.139511 0.000000
1.164833 0.000000
1.190156 0.000000
1.215478 0.000000
1.240801 0.000000
1.266123 0.000000
1.291446 0.000000
1.316768 0.000000
1.342091 0.000000
1.367413 0.000000
1.392736 0.000000
1.418058 0.000000
1.443381 0.000000
1.468703 0.000000
1.494025 0.000000
1.519348 0.000000
1.544670 0.000000
1.569993 0.000000
1.595315 0.000000
1.620638 0.000000
1.645960 0.000000
1.671283 0.000000
1.696605 0.000000
1.721928 0.000000
1.747250 0.000000
1.772573 0.000000
1.797895 0.000000
1.823218 0.000000
1.848540 0.000000
1.873862 0.000000
1.899185 0.000000
1.924507 0.000000
1.949830 0.000000
1.975152 0.000000
2.000475 0.000000
2.025797 0.000000
2.051120 0.000000
2.076442 0.000000
2.101765 0.000000
2.127087 0.000000
2.152410 0.000000
2.177732 0.000000
2.203054 0.000000
2.228377 0.000000
2.253699 0.000000
2.279022 0.000000
2.304344 0.000000
2.329667 0.000000
2.354989 0.000000
2.380312 0.000000
2.405634 0.000000
2.430957 0.000000
2.456279 0.000000
2.481602 0.000000
2.506924 0.000000
2.532247 0.000000
2.557569 0.000000
2.582891 0.000000
2.608214 0.000000
2.633536 0.000000
2.658859 0.000000
2.684181 0.000000
2.709504 0.000000
2.734826 0.000000
2.760149 0.000000
2.785471 0.000000
2.810794 0.000000
2.836116 0.000000
2.861439 0.000000
2.886761 0.000000
2.912084 0.000000
2.937406 0.000000
2.962728 0.000000
2.988051 0.000000
# # # 95% intervals are at 0.229167 - 0.727941
# # # mid = 0.417309
# # # mean: 0.431534, var: 0.016031, 2sd: 0.126612
