0.000000 0.000000
0.041954 0.000000
0.083909 0.000000
0.125863 1.000000
0.167817 6.000000
0.209772 23.000000
0.251726 92.000000
0.293680 178.000000
0.335634 328.000000
0.377589 512.000000
0.419543 654.000000
0.461497 797.000000
0.503452 828.000000
0.545406 938.000000
0.587360 877.000000
0.629315 807.000000
0.671269 705.000000
0.713223 609.000000
0.755177 546.000000
0.797132 459.000000
0.839086 331.000000
0.881040 306.000000
0.922995 231.000000
0.964949 195.000000
1.006903 139.000000
1.048858 113.000000
1.090812 83.000000
1.132766 57.000000
1.174721 32.000000
1.216675 34.000000
1.258629 25.000000
1.300583 25.000000
1.342538 13.000000
1.384492 10.000000
1.426446 6.000000
1.468401 14.000000
1.510355 7.000000
1.552309 5.000000
1.594264 4.000000
1.636218 2.000000
1.678172 2.000000
1.720127 3.000000
1.762081 3.000000
1.804035 0.000000
1.845989 0.000000
1.887944 0.000000
1.929898 0.000000
1.971852 0.000000
2.013807 0.000000
2.055761 0.000000
2.097715 0.000000
2.139670 0.000000
2.181624 0.000000
2.223578 0.000000
2.265532 0.000000
2.307487 0.000000
2.349441 0.000000
2.391395 0.000000
2.433350 0.000000
2.475304 0.000000
2.517258 0.000000
2.559213 0.000000
2.601167 0.000000
2.643121 0.000000
2.685076 0.000000
2.727030 0.000000
2.768984 0.000000
2.810938 0.000000
2.852893 0.000000
2.894847 0.000000
2.936801 0.000000
2.978756 0.000000
# # # 95% intervals are at 0.305451 - 1.108374
# # # mid = 0.597915
# # # mean: 0.627227, var: 0.044004, 2sd: 0.209772
