0.000000 0.000000
0.032266 0.000000
0.064531 0.000000
0.096797 0.000000
0.129063 0.000000
0.161329 0.000000
0.193594 2.000000
0.225860 26.000000
0.258126 45.000000
0.290391 104.000000
0.322657 229.000000
0.354923 355.000000
0.387189 512.000000
0.419454 615.000000
0.451720 800.000000
0.483986 815.000000
0.516251 884.000000
0.548517 840.000000
0.580783 780.000000
0.613049 702.000000
0.645314 664.000000
0.677580 576.000000
0.709846 419.000000
0.742111 334.000000
0.774377 300.000000
0.806643 241.000000
0.838909 195.000000
0.871174 130.000000
0.903440 113.000000
0.935706 91.000000
0.967972 58.000000
1.000237 52.000000
1.032503 26.000000
1.064769 29.000000
1.097034 10.000000
1.129300 10.000000
1.161566 12.000000
1.193832 11.000000
1.226097 5.000000
1.258363 3.000000
1.290629 5.000000
1.322894 0.000000
1.355160 0.000000
1.387426 2.000000
1.419692 1.000000
1.451957 3.000000
1.484223 0.000000
1.516489 0.000000
1.548754 0.000000
1.581020 1.000000
1.613286 0.000000
1.645552 0.000000
1.677817 0.000000
1.710083 0.000000
1.742349 0.000000
1.774614 0.000000
1.806880 0.000000
1.839146 0.000000
1.871412 0.000000
1.903677 0.000000
1.935943 0.000000
1.968209 0.000000
2.000474 0.000000
2.032740 0.000000
2.065006 0.000000
2.097272 0.000000
2.129537 0.000000
2.161803 0.000000
2.194069 0.000000
2.226334 0.000000
2.258600 0.000000
2.290866 0.000000
2.323132 0.000000
2.355397 0.000000
2.387663 0.000000
2.419929 0.000000
2.452194 0.000000
2.484460 0.000000
2.516726 0.000000
2.548992 0.000000
2.581257 0.000000
2.613523 0.000000
2.645789 0.000000
2.678054 0.000000
2.710320 0.000000
2.742586 0.000000
2.774852 0.000000
2.807117 0.000000
2.839383 0.000000
2.871649 0.000000
2.903915 0.000000
2.936180 0.000000
2.968446 0.000000
# # # 95% intervals are at 0.320210 - 0.942717
# # # mid = 0.556364
# # # mean: 0.575709, var: 0.026027, 2sd: 0.161329
