0.000000 0.000000
0.050000 0.000000
0.100000 0.000000
0.150000 1.000000
0.200000 1.000000
0.250000 8.000000
0.300000 32.000000
0.350000 82.000000
0.400000 170.000000
0.450000 276.000000
0.500000 455.000000
0.550000 533.000000
0.600000 712.000000
0.650000 781.000000
0.700000 787.000000
0.750000 764.000000
0.800000 724.000000
0.850000 725.000000
0.900000 646.000000
0.950000 568.000000
1.000000 517.000000
1.050000 397.000000
1.100000 369.000000
1.150000 294.000000
1.200000 222.000000
1.250000 205.000000
1.300000 135.000000
1.350000 127.000000
1.400000 100.000000
1.450000 78.000000
1.500000 62.000000
1.550000 35.000000
1.600000 31.000000
1.650000 29.000000
1.700000 29.000000
1.750000 18.000000
1.800000 20.000000
1.850000 18.000000
1.900000 6.000000
1.950000 2.000000
2.000000 7.000000
2.050000 8.000000
2.100000 3.000000
2.150000 8.000000
2.200000 6.000000
2.250000 2.000000
2.300000 1.000000
2.350000 2.000000
2.400000 1.000000
2.450000 0.000000
2.500000 0.000000
2.550000 2.000000
2.600000 1.000000
2.650000 0.000000
2.700000 0.000000
2.750000 0.000000
2.800000 0.000000
2.850000 0.000000
2.900000 0.000000
2.950000 0.000000
# # # 95% intervals are at 0.415954 - 1.507692
# # # mid = 0.802139
# # # mean: 0.842940, var: 0.081090, 2sd: 0.284763
